54
3
25
0
0
0
6
0
18
0
0
7
0
0
0
0
24
0
0
0
0
4
0
0
0
11
0
0
0
0
0
0
16
9
0
0
0
0
12
0
0
0
0
0
5
0
10
0
23
0
20
15
0
0
0
0
0 0 0
0 1 4
0 2 12
0 3 8
0 4 10
0 5 4
0 6 13
0 7 6
0 8 11
0 9 5
0 10 6
0 11 11
0 12 11
0 13 10
0 14 13
0 15 11
0 16 9
0 17 11
0 18 3
0 19 11
0 20 1
0 21 12
0 22 12
0 23 10
0 24 10
0 25 12
0 26 9
0 27 10
0 28 12
0 29 12
0 30 2
0 31 11
0 32 11
0 33 9
0 34 11
0 35 6
0 36 5
0 37 9
0 38 7
0 39 11
0 40 9
0 41 9
0 42 10
0 43 12
0 44 8
0 45 9
0 46 11
0 47 10
0 48 11
0 49 13
0 50 10
0 51 9
0 52 7
0 53 3
1 0 4
1 1 0
1 2 8
1 3 6
1 4 6
1 5 4
1 6 10
1 7 2
1 8 7
1 9 3
1 10 2
1 11 7
1 12 8
1 13 6
1 14 9
1 15 7
1 16 5
1 17 9
1 18 1
1 19 8
1 20 3
1 21 8
1 22 9
1 23 6
1 24 8
1 25 8
1 26 7
1 27 6
1 28 9
1 29 8
1 30 2
1 31 8
1 32 7
1 33 7
1 34 7
1 35 4
1 36 1
1 37 7
1 38 5
1 39 9
1 40 5
1 41 5
1 42 8
1 43 8
1 44 4
1 45 5
1 46 7
1 47 7
1 48 7
1 49 10
1 50 8
1 51 7
1 52 3
1 53 3
2 0 12
2 1 8
2 2 0
2 3 7
2 4 6
2 5 10
2 6 6
2 7 8
2 8 7
2 9 9
2 10 6
2 11 7
2 12 7
2 13 4
2 14 1
2 15 6
2 16 5
2 17 7
2 18 9
2 19 8
2 20 11
2 21 2
2 22 9
2 23 2
2 24 9
2 25 5
2 26 8
2 27 4
2 28 5
2 29 2
2 30 10
2 31 4
2 32 3
2 33 7
2 34 1
2 35 9
2 36 7
2 37 8
2 38 8
2 39 5
2 40 5
2 41 3
2 42 6
2 43 4
2 44 4
2 45 5
2 46 3
2 47 7
2 48 3
2 49 10
2 50 5
2 51 6
2 52 5
2 53 11
3 0 8
3 1 6
3 2 7
3 3 0
3 4 3
3 5 4
3 6 5
3 7 4
3 8 4
3 9 3
3 10 6
3 11 4
3 12 3
3 13 7
3 14 8
3 15 4
3 16 4
3 17 3
3 18 7
3 19 3
3 20 7
3 21 9
3 22 4
3 23 5
3 24 2
3 25 4
3 26 1
3 27 7
3 28 4
3 29 9
3 30 6
3 31 3
3 32 4
3 33 1
3 34 6
3 35 2
3 36 5
3 37 1
3 38 1
3 39 3
3 40 6
3 41 6
3 42 2
3 43 9
3 44 5
3 45 6
3 46 8
3 47 2
3 48 8
3 49 5
3 50 2
3 51 1
3 52 6
3 53 5
4 0 10
4 1 6
4 2 6
4 3 3
4 4 0
4 5 7
4 6 5
4 7 6
4 8 1
4 9 6
4 10 4
4 11 1
4 12 2
4 13 4
4 14 7
4 15 1
4 16 1
4 17 3
4 18 7
4 19 2
4 20 9
4 21 6
4 22 3
4 23 4
4 24 3
4 25 2
4 26 4
4 27 4
4 28 4
4 29 6
4 30 8
4 31 3
4 32 4
4 33 4
4 34 5
4 35 5
4 36 5
4 37 2
4 38 4
4 39 4
4 40 3
4 41 3
4 42 3
4 43 6
4 44 2
4 45 3
4 46 5
4 47 1
4 48 5
4 49 4
4 50 4
4 51 4
4 52 3
4 53 8
5 0 4
5 1 4
5 2 10
5 3 4
5 4 7
5 5 0
5 6 9
5 7 2
5 8 8
5 9 1
5 10 4
5 11 8
5 12 7
5 13 8
5 14 11
5 15 8
5 16 7
5 17 7
5 18 3
5 19 7
5 20 3
5 21 10
5 22 8
5 23 8
5 24 6
5 25 8
5 26 5
5 27 8
5 28 8
5 29 10
5 30 2
5 31 7
5 32 8
5 33 5
5 34 9
5 35 2
5 36 3
5 37 5
5 38 3
5 39 7
5 40 7
5 41 7
5 42 6
5 43 10
5 44 6
5 45 7
5 46 9
5 47 6
5 48 9
5 49 9
5 50 6
5 51 5
5 52 5
5 53 1
6 0 13
6 1 10
6 2 6
6 3 5
6 4 5
6 5 9
6 6 0
6 7 9
6 8 6
6 9 8
6 10 8
6 11 6
6 12 5
6 13 8
6 14 7
6 15 4
6 16 6
6 17 5
6 18 11
6 19 6
6 20 12
6 21 8
6 22 7
6 23 4
6 24 7
6 25 3
6 26 6
6 27 8
6 28 1
6 29 8
6 30 11
6 31 2
6 32 3
6 33 5
6 34 5
6 35 7
6 36 9
6 37 6
6 38 6
6 39 3
6 40 7
6 41 5
6 42 4
6 43 10
6 44 6
6 45 7
6 46 9
6 47 6
6 48 9
6 49 8
6 50 3
6 51 4
6 52 7
6 53 10
7 0 6
7 1 2
7 2 8
7 3 4
7 4 6
7 5 2
7 6 9
7 7 0
7 8 7
7 9 1
7 10 2
7 11 7
7 12 7
7 13 6
7 14 9
7 15 7
7 16 5
7 17 7
7 18 3
7 19 7
7 20 5
7 21 8
7 22 8
7 23 6
7 24 6
7 25 8
7 26 5
7 27 6
7 28 8
7 29 8
7 30 4
7 31 7
7 32 7
7 33 5
7 34 7
7 35 2
7 36 1
7 37 5
7 38 3
7 39 7
7 40 5
7 41 5
7 42 6
7 43 8
7 44 4
7 45 5
7 46 7
7 47 6
7 48 7
7 49 9
7 50 6
7 51 5
7 52 3
7 53 3
8 0 11
8 1 7
8 2 7
8 3 4
8 4 1
8 5 8
8 6 6
8 7 7
8 8 0
8 9 7
8 10 5
8 11 2
8 12 1
8 13 5
8 14 8
8 15 2
8 16 2
8 17 3
8 18 8
8 19 3
8 20 10
8 21 7
8 22 4
8 23 5
8 24 4
8 25 3
8 26 5
8 27 5
8 28 5
8 29 7
8 30 9
8 31 4
8 32 5
8 33 3
8 34 6
8 35 6
8 36 6
8 37 3
8 38 5
8 39 3
8 40 4
8 41 4
8 42 2
8 43 7
8 44 3
8 45 4
8 46 6
8 47 2
8 48 6
8 49 5
8 50 5
8 51 5
8 52 4
8 53 9
9 0 5
9 1 3
9 2 9
9 3 3
9 4 6
9 5 1
9 6 8
9 7 1
9 8 7
9 9 0
9 10 3
9 11 7
9 12 6
9 13 7
9 14 10
9 15 7
9 16 6
9 17 6
9 18 4
9 19 6
9 20 4
9 21 9
9 22 7
9 23 7
9 24 5
9 25 7
9 26 4
9 27 7
9 28 7
9 29 9
9 30 3
9 31 6
9 32 7
9 33 4
9 34 8
9 35 1
9 36 2
9 37 4
9 38 2
9 39 6
9 40 6
9 41 6
9 42 5
9 43 9
9 44 5
9 45 6
9 46 8
9 47 5
9 48 8
9 49 8
9 50 5
9 51 4
9 52 4
9 53 2
10 0 6
10 1 2
10 2 6
10 3 6
10 4 4
10 5 4
10 6 8
10 7 2
10 8 5
10 9 3
10 10 0
10 11 5
10 12 6
10 13 4
10 14 7
10 15 5
10 16 3
10 17 7
10 18 3
10 19 6
10 20 5
10 21 6
10 22 7
10 23 4
10 24 7
10 25 6
10 26 7
10 27 4
10 28 7
10 29 6
10 30 4
10 31 6
10 32 5
10 33 7
10 34 5
10 35 4
10 36 1
10 37 6
10 38 5
10 39 7
10 40 3
10 41 3
10 42 7
10 43 6
10 44 2
10 45 3
10 46 5
10 47 5
10 48 5
10 49 8
10 50 7
10 51 7
10 52 1
10 53 5
11 0 11
11 1 7
11 2 7
11 3 4
11 4 1
11 5 8
11 6 6
11 7 7
11 8 2
11 9 7
11 10 5
11 11 0
11 12 3
11 13 5
11 14 8
11 15 2
11 16 2
11 17 2
11 18 8
11 19 1
11 20 10
11 21 7
11 22 2
11 23 5
11 24 2
11 25 3
11 26 3
11 27 5
11 28 5
11 29 7
11 30 9
11 31 4
11 32 5
11 33 4
11 34 6
11 35 6
11 36 6
11 37 3
11 38 5
11 39 4
11 40 4
11 41 4
11 42 3
11 43 7
11 44 3
11 45 4
11 46 6
11 47 2
11 48 6
11 49 3
11 50 5
11 51 5
11 52 4
11 53 9
12 0 11
12 1 8
12 2 7
12 3 3
12 4 2
12 5 7
12 6 5
12 7 7
12 8 1
12 9 6
12 10 6
12 11 3
12 12 0
12 13 6
12 14 8
12 15 3
12 16 3
12 17 2
12 18 9
12 19 3
12 20 10
12 21 8
12 22 4
12 23 5
12 24 4
12 25 4
12 26 4
12 27 6
12 28 4
12 29 8
12 30 9
12 31 3
12 32 4
12 33 2
12 34 6
12 35 5
12 36 7
12 37 4
12 38 4
12 39 2
12 40 5
12 41 5
12 42 1
12 43 8
12 44 4
12 45 5
12 46 7
12 47 3
12 48 7
12 49 5
12 50 4
12 51 4
12 52 5
12 53 8
13 0 10
13 1 6
13 2 4
13 3 7
13 4 4
13 5 8
13 6 8
13 7 6
13 8 5
13 9 7
13 10 4
13 11 5
13 12 6
13 13 0
13 14 3
13 15 5
13 16 3
13 17 7
13 18 7
13 19 6
13 20 9
13 21 2
13 22 7
13 23 4
13 24 7
13 25 6
13 26 8
13 27 4
13 28 7
13 29 4
13 30 8
13 31 6
13 32 5
13 33 8
13 34 5
13 35 8
13 36 5
13 37 6
13 38 8
13 39 7
13 40 3
13 41 3
13 42 7
13 43 2
13 44 2
13 45 1
13 46 1
13 47 5
13 48 3
13 49 8
13 50 7
13 51 8
13 52 3
13 53 9
14 0 13
14 1 9
14 2 1
14 3 8
14 4 7
14 5 11
14 6 7
14 7 9
14 8 8
14 9 10
14 10 7
14 11 8
14 12 8
14 13 3
14 14 0
14 15 7
14 16 6
14 17 8
14 18 10
14 19 9
14 20 12
14 21 1
14 22 10
14 23 3
14 24 10
14 25 6
14 26 9
14 27 3
14 28 6
14 29 1
14 30 11
14 31 5
14 32 4
14 33 8
14 34 2
14 35 10
14 36 8
14 37 9
14 38 9
14 39 6
14 40 4
14 41 4
14 42 7
14 43 3
14 44 5
14 45 4
14 46 2
14 47 8
14 48 2
14 49 11
14 50 6
14 51 7
14 52 6
14 53 12
15 0 11
15 1 7
15 2 6
15 3 4
15 4 1
15 5 8
15 6 4
15 7 7
15 8 2
15 9 7
15 10 5
15 11 2
15 12 3
15 13 5
15 14 7
15 15 0
15 16 2
15 17 4
15 18 8
15 19 3
15 20 10
15 21 7
15 22 4
15 23 4
15 24 4
15 25 1
15 26 5
15 27 5
15 28 3
15 29 7
15 30 9
15 31 2
15 32 3
15 33 5
15 34 5
15 35 6
15 36 6
15 37 3
15 38 5
15 39 3
15 40 4
15 41 4
15 42 4
15 43 7
15 44 3
15 45 4
15 46 6
15 47 2
15 48 6
15 49 5
15 50 3
15 51 4
15 52 4
15 53 9
16 0 9
16 1 5
16 2 5
16 3 4
16 4 1
16 5 7
16 6 6
16 7 5
16 8 2
16 9 6
16 10 3
16 11 2
16 12 3
16 13 3
16 14 6
16 15 2
16 16 0
16 17 4
16 18 6
16 19 3
16 20 8
16 21 5
16 22 4
16 23 3
16 24 4
16 25 3
16 26 5
16 27 3
16 28 5
16 29 5
16 30 7
16 31 4
16 32 4
16 33 5
16 34 4
16 35 6
16 36 4
16 37 3
16 38 5
16 39 5
16 40 2
16 41 2
16 42 4
16 43 5
16 44 1
16 45 2
16 46 4
16 47 2
16 48 4
16 49 5
16 50 5
16 51 5
16 52 2
16 53 8
17 0 11
17 1 9
17 2 7
17 3 3
17 4 3
17 5 7
17 6 5
17 7 7
17 8 3
17 9 6
17 10 7
17 11 2
17 12 2
17 13 7
17 14 8
17 15 4
17 16 4
17 17 0
17 18 10
17 19 1
17 20 10
17 21 9
17 22 2
17 23 5
17 24 2
17 25 4
17 26 3
17 27 7
17 28 4
17 29 9
17 30 9
17 31 3
17 32 4
17 33 2
17 34 6
17 35 5
17 36 8
17 37 4
17 38 4
17 39 2
17 40 6
17 41 6
17 42 1
17 43 9
17 44 5
17 45 6
17 46 8
17 47 4
17 48 8
17 49 3
17 50 4
17 51 4
17 52 6
17 53 8
18 0 3
18 1 1
18 2 9
18 3 7
18 4 7
18 5 3
18 6 11
18 7 3
18 8 8
18 9 4
18 10 3
18 11 8
18 12 9
18 13 7
18 14 10
18 15 8
18 16 6
18 17 10
18 18 0
18 19 9
18 20 2
18 21 9
18 22 10
18 23 7
18 24 9
18 25 9
18 26 8
18 27 7
18 28 10
18 29 9
18 30 1
18 31 9
18 32 8
18 33 8
18 34 8
18 35 5
18 36 2
18 37 8
18 38 6
18 39 10
18 40 6
18 41 6
18 42 9
18 43 9
18 44 5
18 45 6
18 46 8
18 47 8
18 48 8
18 49 11
18 50 9
18 51 8
18 52 4
18 53 2
19 0 11
19 1 8
19 2 8
19 3 3
19 4 2
19 5 7
19 6 6
19 7 7
19 8 3
19 9 6
19 10 6
19 11 1
19 12 3
19 13 6
19 14 9
19 15 3
19 16 3
19 17 1
19 18 9
19 19 0
19 20 10
19 21 8
19 22 1
19 23 6
19 24 1
19 25 4
19 26 2
19 27 6
19 28 5
19 29 8
19 30 9
19 31 4
19 32 5
19 33 3
19 34 7
19 35 5
19 36 7
19 37 4
19 38 4
19 39 3
19 40 5
19 41 5
19 42 2
19 43 8
19 44 4
19 45 5
19 46 7
19 47 3
19 48 7
19 49 2
19 50 5
19 51 4
19 52 5
19 53 8
20 0 1
20 1 3
20 2 11
20 3 7
20 4 9
20 5 3
20 6 12
20 7 5
20 8 10
20 9 4
20 10 5
20 11 10
20 12 10
20 13 9
20 14 12
20 15 10
20 16 8
20 17 10
20 18 2
20 19 10
20 20 0
20 21 11
20 22 11
20 23 9
20 24 9
20 25 11
20 26 8
20 27 9
20 28 11
20 29 11
20 30 1
20 31 10
20 32 10
20 33 8
20 34 10
20 35 5
20 36 4
20 37 8
20 38 6
20 39 10
20 40 8
20 41 8
20 42 9
20 43 11
20 44 7
20 45 8
20 46 10
20 47 9
20 48 10
20 49 12
20 50 9
20 51 8
20 52 6
20 53 2
21 0 12
21 1 8
21 2 2
21 3 9
21 4 6
21 5 10
21 6 8
21 7 8
21 8 7
21 9 9
21 10 6
21 11 7
21 12 8
21 13 2
21 14 1
21 15 7
21 16 5
21 17 9
21 18 9
21 19 8
21 20 11
21 21 0
21 22 9
21 23 4
21 24 9
21 25 7
21 26 10
21 27 4
21 28 7
21 29 2
21 30 10
21 31 6
21 32 5
21 33 9
21 34 3
21 35 10
21 36 7
21 37 8
21 38 10
21 39 7
21 40 5
21 41 5
21 42 8
21 43 2
21 44 4
21 45 3
21 46 1
21 47 7
21 48 3
21 49 10
21 50 7
21 51 8
21 52 5
21 53 11
22 0 12
22 1 9
22 2 9
22 3 4
22 4 3
22 5 8
22 6 7
22 7 8
22 8 4
22 9 7
22 10 7
22 11 2
22 12 4
22 13 7
22 14 10
22 15 4
22 16 4
22 17 2
22 18 10
22 19 1
22 20 11
22 21 9
22 22 0
22 23 7
22 24 2
22 25 5
22 26 3
22 27 7
22 28 6
22 29 9
22 30 10
22 31 5
22 32 6
22 33 4
22 34 8
22 35 6
22 36 8
22 37 5
22 38 5
22 39 4
22 40 6
22 41 6
22 42 3
22 43 9
22 44 5
22 45 6
22 46 8
22 47 4
22 48 8
22 49 1
22 50 6
22 51 5
22 52 6
22 53 9
23 0 10
23 1 6
23 2 2
23 3 5
23 4 4
23 5 8
23 6 4
23 7 6
23 8 5
23 9 7
23 10 4
23 11 5
23 12 5
23 13 4
23 14 3
23 15 4
23 16 3
23 17 5
23 18 7
23 19 6
23 20 9
23 21 4
23 22 7
23 23 0
23 24 7
23 25 3
23 26 6
23 27 4
23 28 3
23 29 4
23 30 8
23 31 2
23 32 1
23 33 5
23 34 1
23 35 7
23 36 5
23 37 6
23 38 6
23 39 3
23 40 3
23 41 1
23 42 4
23 43 6
23 44 2
23 45 3
23 46 5
23 47 5
23 48 5
23 49 8
23 50 3
23 51 4
23 52 3
23 53 9
24 0 10
24 1 8
24 2 9
24 3 2
24 4 3
24 5 6
24 6 7
24 7 6
24 8 4
24 9 5
24 10 7
24 11 2
24 12 4
24 13 7
24 14 10
24 15 4
24 16 4
24 17 2
24 18 9
24 19 1
24 20 9
24 21 9
24 22 2
24 23 7
24 24 0
24 25 5
24 26 1
24 27 7
24 28 6
24 29 9
24 30 8
24 31 5
24 32 6
24 33 3
24 34 8
24 35 4
24 36 7
24 37 3
24 38 3
24 39 4
24 40 6
24 41 6
24 42 3
24 43 9
24 44 5
24 45 6
24 46 8
24 47 4
24 48 8
24 49 3
24 50 4
24 51 3
24 52 6
24 53 7
25 0 12
25 1 8
25 2 5
25 3 4
25 4 2
25 5 8
25 6 3
25 7 8
25 8 3
25 9 7
25 10 6
25 11 3
25 12 4
25 13 6
25 14 6
25 15 1
25 16 3
25 17 4
25 18 9
25 19 4
25 20 11
25 21 7
25 22 5
25 23 3
25 24 5
25 25 0
25 26 5
25 27 6
25 28 2
25 29 7
25 30 10
25 31 1
25 32 2
25 33 4
25 34 4
25 35 6
25 36 7
25 37 4
25 38 5
25 39 2
25 40 5
25 41 4
25 42 3
25 43 8
25 44 4
25 45 5
25 46 7
25 47 3
25 48 7
25 49 6
25 50 2
25 51 3
25 52 5
25 53 9
26 0 9
26 1 7
26 2 8
26 3 1
26 4 4
26 5 5
26 6 6
26 7 5
26 8 5
26 9 4
26 10 7
26 11 3
26 12 4
26 13 8
26 14 9
26 15 5
26 16 5
26 17 3
26 18 8
26 19 2
26 20 8
26 21 10
26 22 3
26 23 6
26 24 1
26 25 5
26 26 0
26 27 8
26 28 5
26 29 10
26 30 7
26 31 4
26 32 5
26 33 2
26 34 7
26 35 3
26 36 6
26 37 2
26 38 2
26 39 4
26 40 7
26 41 7
26 42 3
26 43 10
26 44 6
26 45 7
26 46 9
26 47 3
26 48 9
26 49 4
26 50 3
26 51 2
26 52 7
26 53 6
27 0 10
27 1 6
27 2 4
27 3 7
27 4 4
27 5 8
27 6 8
27 7 6
27 8 5
27 9 7
27 10 4
27 11 5
27 12 6
27 13 4
27 14 3
27 15 5
27 16 3
27 17 7
27 18 7
27 19 6
27 20 9
27 21 4
27 22 7
27 23 4
27 24 7
27 25 6
27 26 8
27 27 0
27 28 7
27 29 2
27 30 8
27 31 6
27 32 5
27 33 8
27 34 5
27 35 8
27 36 5
27 37 6
27 38 8
27 39 7
27 40 1
27 41 3
27 42 7
27 43 2
27 44 2
27 45 3
27 46 3
27 47 5
27 48 1
27 49 8
27 50 7
27 51 8
27 52 3
27 53 9
28 0 12
28 1 9
28 2 5
28 3 4
28 4 4
28 5 8
28 6 1
28 7 8
28 8 5
28 9 7
28 10 7
28 11 5
28 12 4
28 13 7
28 14 6
28 15 3
28 16 5
28 17 4
28 18 10
28 19 5
28 20 11
28 21 7
28 22 6
28 23 3
28 24 6
28 25 2
28 26 5
28 27 7
28 28 0
28 29 7
28 30 10
28 31 1
28 32 2
28 33 4
28 34 4
28 35 6
28 36 8
28 37 5
28 38 5
28 39 2
28 40 6
28 41 4
28 42 3
28 43 9
28 44 5
28 45 6
28 46 8
28 47 5
28 48 8
28 49 7
28 50 2
28 51 3
28 52 6
28 53 9
29 0 12
29 1 8
29 2 2
29 3 9
29 4 6
29 5 10
29 6 8
29 7 8
29 8 7
29 9 9
29 10 6
29 11 7
29 12 8
29 13 4
29 14 1
29 15 7
29 16 5
29 17 9
29 18 9
29 19 8
29 20 11
29 21 2
29 22 9
29 23 4
29 24 9
29 25 7
29 26 10
29 27 2
29 28 7
29 29 0
29 30 10
29 31 6
29 32 5
29 33 9
29 34 3
29 35 10
29 36 7
29 37 8
29 38 10
29 39 7
29 40 3
29 41 5
29 42 8
29 43 2
29 44 4
29 45 5
29 46 3
29 47 7
29 48 1
29 49 10
29 50 7
29 51 8
29 52 5
29 53 11
30 0 2
30 1 2
30 2 10
30 3 6
30 4 8
30 5 2
30 6 11
30 7 4
30 8 9
30 9 3
30 10 4
30 11 9
30 12 9
30 13 8
30 14 11
30 15 9
30 16 7
30 17 9
30 18 1
30 19 9
30 20 1
30 21 10
30 22 10
30 23 8
30 24 8
30 25 10
30 26 7
30 27 8
30 28 10
30 29 10
30 30 0
30 31 9
30 32 9
30 33 7
30 34 9
30 35 4
30 36 3
30 37 7
30 38 5
30 39 9
30 40 7
30 41 7
30 42 8
30 43 10
30 44 6
30 45 7
30 46 9
30 47 8
30 48 9
30 49 11
30 50 8
30 51 7
30 52 5
30 53 1
31 0 11
31 1 8
31 2 4
31 3 3
31 4 3
31 5 7
31 6 2
31 7 7
31 8 4
31 9 6
31 10 6
31 11 4
31 12 3
31 13 6
31 14 5
31 15 2
31 16 4
31 17 3
31 18 9
31 19 4
31 20 10
31 21 6
31 22 5
31 23 2
31 24 5
31 25 1
31 26 4
31 27 6
31 28 1
31 29 6
31 30 9
31 31 0
31 32 1
31 33 3
31 34 3
31 35 5
31 36 7
31 37 4
31 38 4
31 39 1
31 40 5
31 41 3
31 42 2
31 43 8
31 44 4
31 45 5
31 46 7
31 47 4
31 48 7
31 49 6
31 50 1
31 51 2
31 52 5
31 53 8
32 0 11
32 1 7
32 2 3
32 3 4
32 4 4
32 5 8
32 6 3
32 7 7
32 8 5
32 9 7
32 10 5
32 11 5
32 12 4
32 13 5
32 14 4
32 15 3
32 16 4
32 17 4
32 18 8
32 19 5
32 20 10
32 21 5
32 22 6
32 23 1
32 24 6
32 25 2
32 26 5
32 27 5
32 28 2
32 29 5
32 30 9
32 31 1
32 32 0
32 33 4
32 34 2
32 35 6
32 36 6
32 37 5
32 38 5
32 39 2
32 40 4
32 41 2
32 42 3
32 43 7
32 44 3
32 45 4
32 46 6
32 47 5
32 48 6
32 49 7
32 50 2
32 51 3
32 52 4
32 53 9
33 0 9
33 1 7
33 2 7
33 3 1
33 4 4
33 5 5
33 6 5
33 7 5
33 8 3
33 9 4
33 10 7
33 11 4
33 12 2
33 13 8
33 14 8
33 15 5
33 16 5
33 17 2
33 18 8
33 19 3
33 20 8
33 21 9
33 22 4
33 23 5
33 24 3
33 25 4
33 26 2
33 27 8
33 28 4
33 29 9
33 30 7
33 31 3
33 32 4
33 33 0
33 34 6
33 35 3
33 36 6
33 37 2
33 38 2
33 39 2
33 40 7
33 41 6
33 42 1
33 43 10
33 44 6
33 45 7
33 46 9
33 47 3
33 48 9
33 49 5
33 50 3
33 51 2
33 52 7
33 53 6
34 0 11
34 1 7
34 2 1
34 3 6
34 4 5
34 5 9
34 6 5
34 7 7
34 8 6
34 9 8
34 10 5
34 11 6
34 12 6
34 13 5
34 14 2
34 15 5
34 16 4
34 17 6
34 18 8
34 19 7
34 20 10
34 21 3
34 22 8
34 23 1
34 24 8
34 25 4
34 26 7
34 27 5
34 28 4
34 29 3
34 30 9
34 31 3
34 32 2
34 33 6
34 34 0
34 35 8
34 36 6
34 37 7
34 38 7
34 39 4
34 40 4
34 41 2
34 42 5
34 43 5
34 44 3
34 45 4
34 46 4
34 47 6
34 48 4
34 49 9
34 50 4
34 51 5
34 52 4
34 53 10
35 0 6
35 1 4
35 2 9
35 3 2
35 4 5
35 5 2
35 6 7
35 7 2
35 8 6
35 9 1
35 10 4
35 11 6
35 12 5
35 13 8
35 14 10
35 15 6
35 16 6
35 17 5
35 18 5
35 19 5
35 20 5
35 21 10
35 22 6
35 23 7
35 24 4
35 25 6
35 26 3
35 27 8
35 28 6
35 29 10
35 30 4
35 31 5
35 32 6
35 33 3
35 34 8
35 35 0
35 36 3
35 37 3
35 38 1
35 39 5
35 40 7
35 41 7
35 42 4
35 43 10
35 44 6
35 45 7
35 46 9
35 47 4
35 48 9
35 49 7
35 50 4
35 51 3
35 52 5
35 53 3
36 0 5
36 1 1
36 2 7
36 3 5
36 4 5
36 5 3
36 6 9
36 7 1
36 8 6
36 9 2
36 10 1
36 11 6
36 12 7
36 13 5
36 14 8
36 15 6
36 16 4
36 17 8
36 18 2
36 19 7
36 20 4
36 21 7
36 22 8
36 23 5
36 24 7
36 25 7
36 26 6
36 27 5
36 28 8
36 29 7
36 30 3
36 31 7
36 32 6
36 33 6
36 34 6
36 35 3
36 36 0
36 37 6
36 38 4
36 39 8
36 40 4
36 41 4
36 42 7
36 43 7
36 44 3
36 45 4
36 46 6
36 47 6
36 48 6
36 49 9
36 50 7
36 51 6
36 52 2
36 53 4
37 0 9
37 1 7
37 2 8
37 3 1
37 4 2
37 5 5
37 6 6
37 7 5
37 8 3
37 9 4
37 10 6
37 11 3
37 12 4
37 13 6
37 14 9
37 15 3
37 16 3
37 17 4
37 18 8
37 19 4
37 20 8
37 21 8
37 22 5
37 23 6
37 24 3
37 25 4
37 26 2
37 27 6
37 28 5
37 29 8
37 30 7
37 31 4
37 32 5
37 33 2
37 34 7
37 35 3
37 36 6
37 37 0
37 38 2
37 39 4
37 40 5
37 41 5
37 42 3
37 43 8
37 44 4
37 45 5
37 46 7
37 47 1
37 48 7
37 49 6
37 50 3
37 51 2
37 52 5
37 53 6
38 0 7
38 1 5
38 2 8
38 3 1
38 4 4
38 5 3
38 6 6
38 7 3
38 8 5
38 9 2
38 10 5
38 11 5
38 12 4
38 13 8
38 14 9
38 15 5
38 16 5
38 17 4
38 18 6
38 19 4
38 20 6
38 21 10
38 22 5
38 23 6
38 24 3
38 25 5
38 26 2
38 27 8
38 28 5
38 29 10
38 30 5
38 31 4
38 32 5
38 33 2
38 34 7
38 35 1
38 36 4
38 37 2
38 38 0
38 39 4
38 40 7
38 41 7
38 42 3
38 43 10
38 44 6
38 45 7
38 46 9
38 47 3
38 48 9
38 49 6
38 50 3
38 51 2
38 52 6
38 53 4
39 0 11
39 1 9
39 2 5
39 3 3
39 4 4
39 5 7
39 6 3
39 7 7
39 8 3
39 9 6
39 10 7
39 11 4
39 12 2
39 13 7
39 14 6
39 15 3
39 16 5
39 17 2
39 18 10
39 19 3
39 20 10
39 21 7
39 22 4
39 23 3
39 24 4
39 25 2
39 26 4
39 27 7
39 28 2
39 29 7
39 30 9
39 31 1
39 32 2
39 33 2
39 34 4
39 35 5
39 36 8
39 37 4
39 38 4
39 39 0
39 40 6
39 41 4
39 42 1
39 43 9
39 44 5
39 45 6
39 46 8
39 47 5
39 48 8
39 49 5
39 50 2
39 51 3
39 52 6
39 53 8
40 0 9
40 1 5
40 2 5
40 3 6
40 4 3
40 5 7
40 6 7
40 7 5
40 8 4
40 9 6
40 10 3
40 11 4
40 12 5
40 13 3
40 14 4
40 15 4
40 16 2
40 17 6
40 18 6
40 19 5
40 20 8
40 21 5
40 22 6
40 23 3
40 24 6
40 25 5
40 26 7
40 27 1
40 28 6
40 29 3
40 30 7
40 31 5
40 32 4
40 33 7
40 34 4
40 35 7
40 36 4
40 37 5
40 38 7
40 39 6
40 40 0
40 41 2
40 42 6
40 43 3
40 44 1
40 45 2
40 46 4
40 47 4
40 48 2
40 49 7
40 50 6
40 51 7
40 52 2
40 53 8
41 0 9
41 1 5
41 2 3
41 3 6
41 4 3
41 5 7
41 6 5
41 7 5
41 8 4
41 9 6
41 10 3
41 11 4
41 12 5
41 13 3
41 14 4
41 15 4
41 16 2
41 17 6
41 18 6
41 19 5
41 20 8
41 21 5
41 22 6
41 23 1
41 24 6
41 25 4
41 26 7
41 27 3
41 28 4
41 29 5
41 30 7
41 31 3
41 32 2
41 33 6
41 34 2
41 35 7
41 36 4
41 37 5
41 38 7
41 39 4
41 40 2
41 41 0
41 42 5
41 43 5
41 44 1
41 45 2
41 46 4
41 47 4
41 48 4
41 49 7
41 50 4
41 51 5
41 52 2
41 53 8
42 0 10
42 1 8
42 2 6
42 3 2
42 4 3
42 5 6
42 6 4
42 7 6
42 8 2
42 9 5
42 10 7
42 11 3
42 12 1
42 13 7
42 14 7
42 15 4
42 16 4
42 17 1
42 18 9
42 19 2
42 20 9
42 21 8
42 22 3
42 23 4
42 24 3
42 25 3
42 26 3
42 27 7
42 28 3
42 29 8
42 30 8
42 31 2
42 32 3
42 33 1
42 34 5
42 35 4
42 36 7
42 37 3
42 38 3
42 39 1
42 40 6
42 41 5
42 42 0
42 43 9
42 44 5
42 45 6
42 46 8
42 47 4
42 48 8
42 49 4
42 50 3
42 51 3
42 52 6
42 53 7
43 0 12
43 1 8
43 2 4
43 3 9
43 4 6
43 5 10
43 6 10
43 7 8
43 8 7
43 9 9
43 10 6
43 11 7
43 12 8
43 13 2
43 14 3
43 15 7
43 16 5
43 17 9
43 18 9
43 19 8
43 20 11
43 21 2
43 22 9
43 23 6
43 24 9
43 25 8
43 26 10
43 27 2
43 28 9
43 29 2
43 30 10
43 31 8
43 32 7
43 33 10
43 34 5
43 35 10
43 36 7
43 37 8
43 38 10
43 39 9
43 40 3
43 41 5
43 42 9
43 43 0
43 44 4
43 45 3
43 46 1
43 47 7
43 48 1
43 49 10
43 50 9
43 51 10
43 52 5
43 53 11
44 0 8
44 1 4
44 2 4
44 3 5
44 4 2
44 5 6
44 6 6
44 7 4
44 8 3
44 9 5
44 10 2
44 11 3
44 12 4
44 13 2
44 14 5
44 15 3
44 16 1
44 17 5
44 18 5
44 19 4
44 20 7
44 21 4
44 22 5
44 23 2
44 24 5
44 25 4
44 26 6
44 27 2
44 28 5
44 29 4
44 30 6
44 31 4
44 32 3
44 33 6
44 34 3
44 35 6
44 36 3
44 37 4
44 38 6
44 39 5
44 40 1
44 41 1
44 42 5
44 43 4
44 44 0
44 45 1
44 46 3
44 47 3
44 48 3
44 49 6
44 50 5
44 51 6
44 52 1
44 53 7
45 0 9
45 1 5
45 2 5
45 3 6
45 4 3
45 5 7
45 6 7
45 7 5
45 8 4
45 9 6
45 10 3
45 11 4
45 12 5
45 13 1
45 14 4
45 15 4
45 16 2
45 17 6
45 18 6
45 19 5
45 20 8
45 21 3
45 22 6
45 23 3
45 24 6
45 25 5
45 26 7
45 27 3
45 28 6
45 29 5
45 30 7
45 31 5
45 32 4
45 33 7
45 34 4
45 35 7
45 36 4
45 37 5
45 38 7
45 39 6
45 40 2
45 41 2
45 42 6
45 43 3
45 44 1
45 45 0
45 46 2
45 47 4
45 48 4
45 49 7
45 50 6
45 51 7
45 52 2
45 53 8
46 0 11
46 1 7
46 2 3
46 3 8
46 4 5
46 5 9
46 6 9
46 7 7
46 8 6
46 9 8
46 10 5
46 11 6
46 12 7
46 13 1
46 14 2
46 15 6
46 16 4
46 17 8
46 18 8
46 19 7
46 20 10
46 21 1
46 22 8
46 23 5
46 24 8
46 25 7
46 26 9
46 27 3
46 28 8
46 29 3
46 30 9
46 31 7
46 32 6
46 33 9
46 34 4
46 35 9
46 36 6
46 37 7
46 38 9
46 39 8
46 40 4
46 41 4
46 42 8
46 43 1
46 44 3
46 45 2
46 46 0
46 47 6
46 48 2
46 49 9
46 50 8
46 51 9
46 52 4
46 53 10
47 0 10
47 1 7
47 2 7
47 3 2
47 4 1
47 5 6
47 6 6
47 7 6
47 8 2
47 9 5
47 10 5
47 11 2
47 12 3
47 13 5
47 14 8
47 15 2
47 16 2
47 17 4
47 18 8
47 19 3
47 20 9
47 21 7
47 22 4
47 23 5
47 24 4
47 25 3
47 26 3
47 27 5
47 28 5
47 29 7
47 30 8
47 31 4
47 32 5
47 33 3
47 34 6
47 35 4
47 36 6
47 37 1
47 38 3
47 39 5
47 40 4
47 41 4
47 42 4
47 43 7
47 44 3
47 45 4
47 46 6
47 47 0
47 48 6
47 49 5
47 50 4
47 51 3
47 52 4
47 53 7
48 0 11
48 1 7
48 2 3
48 3 8
48 4 5
48 5 9
48 6 9
48 7 7
48 8 6
48 9 8
48 10 5
48 11 6
48 12 7
48 13 3
48 14 2
48 15 6
48 16 4
48 17 8
48 18 8
48 19 7
48 20 10
48 21 3
48 22 8
48 23 5
48 24 8
48 25 7
48 26 9
48 27 1
48 28 8
48 29 1
48 30 9
48 31 7
48 32 6
48 33 9
48 34 4
48 35 9
48 36 6
48 37 7
48 38 9
48 39 8
48 40 2
48 41 4
48 42 8
48 43 1
48 44 3
48 45 4
48 46 2
48 47 6
48 48 0
48 49 9
48 50 8
48 51 9
48 52 4
48 53 10
49 0 13
49 1 10
49 2 10
49 3 5
49 4 4
49 5 9
49 6 8
49 7 9
49 8 5
49 9 8
49 10 8
49 11 3
49 12 5
49 13 8
49 14 11
49 15 5
49 16 5
49 17 3
49 18 11
49 19 2
49 20 12
49 21 10
49 22 1
49 23 8
49 24 3
49 25 6
49 26 4
49 27 8
49 28 7
49 29 10
49 30 11
49 31 6
49 32 7
49 33 5
49 34 9
49 35 7
49 36 9
49 37 6
49 38 6
49 39 5
49 40 7
49 41 7
49 42 4
49 43 10
49 44 6
49 45 7
49 46 9
49 47 5
49 48 9
49 49 0
49 50 7
49 51 6
49 52 7
49 53 10
50 0 10
50 1 8
50 2 5
50 3 2
50 4 4
50 5 6
50 6 3
50 7 6
50 8 5
50 9 5
50 10 7
50 11 5
50 12 4
50 13 7
50 14 6
50 15 3
50 16 5
50 17 4
50 18 9
50 19 5
50 20 9
50 21 7
50 22 6
50 23 3
50 24 4
50 25 2
50 26 3
50 27 7
50 28 2
50 29 7
50 30 8
50 31 1
50 32 2
50 33 3
50 34 4
50 35 4
50 36 7
50 37 3
50 38 3
50 39 2
50 40 6
50 41 4
50 42 3
50 43 9
50 44 5
50 45 6
50 46 8
50 47 4
50 48 8
50 49 7
50 50 0
50 51 1
50 52 6
50 53 7
51 0 9
51 1 7
51 2 6
51 3 1
51 4 4
51 5 5
51 6 4
51 7 5
51 8 5
51 9 4
51 10 7
51 11 5
51 12 4
51 13 8
51 14 7
51 15 4
51 16 5
51 17 4
51 18 8
51 19 4
51 20 8
51 21 8
51 22 5
51 23 4
51 24 3
51 25 3
51 26 2
51 27 8
51 28 3
51 29 8
51 30 7
51 31 2
51 32 3
51 33 2
51 34 5
51 35 3
51 36 6
51 37 2
51 38 2
51 39 3
51 40 7
51 41 5
51 42 3
51 43 10
51 44 6
51 45 7
51 46 9
51 47 3
51 48 9
51 49 6
51 50 1
51 51 0
51 52 7
51 53 6
52 0 7
52 1 3
52 2 5
52 3 6
52 4 3
52 5 5
52 6 7
52 7 3
52 8 4
52 9 4
52 10 1
52 11 4
52 12 5
52 13 3
52 14 6
52 15 4
52 16 2
52 17 6
52 18 4
52 19 5
52 20 6
52 21 5
52 22 6
52 23 3
52 24 6
52 25 5
52 26 7
52 27 3
52 28 6
52 29 5
52 30 5
52 31 5
52 32 4
52 33 7
52 34 4
52 35 5
52 36 2
52 37 5
52 38 6
52 39 6
52 40 2
52 41 2
52 42 6
52 43 5
52 44 1
52 45 2
52 46 4
52 47 4
52 48 4
52 49 7
52 50 6
52 51 7
52 52 0
52 53 6
53 0 3
53 1 3
53 2 11
53 3 5
53 4 8
53 5 1
53 6 10
53 7 3
53 8 9
53 9 2
53 10 5
53 11 9
53 12 8
53 13 9
53 14 12
53 15 9
53 16 8
53 17 8
53 18 2
53 19 8
53 20 2
53 21 11
53 22 9
53 23 9
53 24 7
53 25 9
53 26 6
53 27 9
53 28 9
53 29 11
53 30 1
53 31 8
53 32 9
53 33 6
53 34 10
53 35 3
53 36 4
53 37 6
53 38 4
53 39 8
53 40 8
53 41 8
53 42 7
53 43 11
53 44 7
53 45 8
53 46 10
53 47 7
53 48 10
53 49 10
53 50 7
53 51 6
53 52 6
53 53 0
